bezier_corrected_hot <- c("#ffffff","#ffd4aa","#f4a86e","#db8047",
                              "#bb5c2e",
                              "#943e1f","#682616","#3a160e","#000000")
bezier_corrected_divergent <- c('#0065b2', '#2399de', '#67cdfe', 
                        '#f5f5f5', 
                        '#fcb09d', '#ed6855', '#be2a21')
bezier_corrected_whiteRed <- c('#ffffff', '#ffeae2', '#ffd5c6', '#ffbea9', 
                         '#ffa78c', 
                         '#ff8e6f', '#ff7251', '#ff4f30', '#ff0000')
